
Seam 361
1 0.353 1.0 2.0 0.0049 0.0
2 1.698 3.0 46.0 0.0559 0.0415
3 0.173 1.0 2.0 0.0025 0.0001
4 1.796 4.0 48.0 0.0602 0.0454
5 1.895 3.0 43.0 0.063 0.0386
6 1.656 2.0 41.0 0.0494 0.0371
7 0.183 1.0 2.0 0.0019 0.0003
8 1.983 3.0 48.0 0.0562 0.0408
9 1.617 3.0 41.0 0.0505 0.0333
10 1.543 2.0 42.0 0.0455 0.0337
11 0.171 1.0 2.0 0.0038 0.0005
12 1.899 3.0 51.0099983215332 0.052 0.0394
13 1.51 2.0 41.0 0.0461 0.0326
14 1.454 2.0 40.0 0.0437 0.0321
15 0.158 1.0 1.0 0.0028 0.0004
16 1.712 2.0 45.0 0.0498 0.038
17 1.251 2.0 32.0 0.0438 0.0306
18 1.137 2.0 30.0 0.0411 0.0302

Seam 722
1 3.066 10.0 63.0099983215332 0.1542 0.0781
2 3.686 17.0 66.0 0.195 0.1068
3 3.04 11.0 64.0 0.1535 0.0817
4 3.324 15.0 65.0 0.1648 0.0928
5 3.589 15.0 69.0 0.1756 0.0964
6 4.058 18.0 73.0 0.2061 0.1118
7 3.078 13.0 61.0 0.1654 0.0885
8 2.096 7.0 37.0 0.1526 0.0634
9 2.387 9.0 41.0 0.1677 0.077
10 2.083 7.0 42.0 0.142 0.0633
11 2.18 8.0 36.0 0.1675 0.0762
12 2.061 7.0 31.0 0.1735 0.0722
13 1.973 7.0 28.0 0.1649 0.0695
14 1.789 6.0 27.0 0.1489 0.0597
15 1.774 7.0 24.0 0.1551 0.0646
16 1.637 6.0 24.0 0.133 0.0528
17 1.794 7.0 28.0 0.1442 0.063
18 1.526 6.0 24.0 0.1284 0.0519

Seam 1083
1 0.358 1.0 3.0 0.014 0.0015
2 6.12 33.0 95.0 0.333 0.1846
3 6.32 34.0 95.0 0.3504 0.1921
4 7.234 42.0 99.0 0.3817 0.2219
5 0.58 2.0 6.0 0.0429 0.0115
6 5.958 31.0 94.0 0.3339 0.1837
7 5.943 31.0 92.0 0.3299 0.18
8 7.419 42.04999923706055 99.0 0.4026 0.2314
9 0.613 2.0 6.0 0.0421 0.0107
10 6.889 38.0 98.0 0.362 0.2111
11 6.132 33.0 95.0 0.3364 0.1784
12 7.502 41.0 97.0 0.4075 0.2375
13 0.534 2.0 5.0 0.035 0.0082
14 6.139 31.0 94.0 0.3501 0.1912
15 6.069 31.0 94.0 0.339 0.1762
16 7.733 43.0 96.0 0.4172 0.2439
17 0.533 2.0 5.0 0.0341 0.0077
18 6.313 32.0 94.0 0.3554 0.1968

Seam 1444
1 4.062 27.0 62.0 0.1749 0.1266
2 3.758 26.0 61.0 0.165 0.12
3 3.664 26.0 58.0 0.1688 0.119
4 3.372 24.0 56.0 0.1466 0.1113
5 5.266 35.0 68.0 0.2123 0.1608
6 3.545 24.0 61.0 0.1543 0.1113
7 5.531 37.0 76.0 0.2062 0.1601
8 3.152 21.0 57.0 0.1387 0.1002
9 5.926 38.0 81.0 0.2241 0.1578
10 2.903 18.0 54.0 0.1408 0.0918
11 5.018 32.0 79.0 0.192 0.1387
12 2.706 16.0 53.0 0.1249 0.0863
13 4.718 29.0 76.0 0.1947 0.1333
14 2.963 18.0 57.0 0.1271 0.091
15 4.681 30.0 77.0 0.1797 0.1327
16 2.818 17.0 52.0 0.1381 0.092
17 5.001 32.0 80.0 0.1935 0.1386
18 2.896 18.0 53.0 0.1368 0.0921

Seam 1805
1 9.965 50.0 92.0 0.4868 0.3349
2 10.573 54.0 100.0 0.4786 0.339
3 11.006 57.0 103.0 0.4842 0.3395
4 10.112 53.0 98.0 0.4494 0.3174
5 10.735 55.0 94.0 0.4809 0.3395
6 11.065 57.0 96.0 0.4855 0.3479
7 11.067 57.0 96.0 0.4724 0.341
8 10.648 55.0 97.0 0.4587 0.3314
9 10.642 53.0 95.0 0.4623 0.3302
10 9.82 49.0 93.0 0.445 0.3193
11 9.592 48.0 88.0 0.4351 0.3132
12 9.506 48.0 87.0 0.4268 0.3069
13 10.202 51.0 90.0 0.4463 0.3252
14 10.129 50.0 87.0 0.4591 0.3342
15 10.494 52.0 88.0 0.468 0.342
16 10.591 51.0 95.0 0.4662 0.3418
17 12.02 56.0 102.0 0.4988 0.37
18 11.974 58.0 104.0 0.4918 0.3643

Seam 2166
1 4.614 17.0 28.0 0.4654 0.2887
2 4.871 18.0 29.0 0.4781 0.3011
3 4.214 16.0 26.0 0.4474 0.2647
4 3.93 15.0 24.0 0.4369 0.247
5 4.752 18.0 29.0 0.4721 0.2957
6 4.865 18.0 29.0 0.4792 0.3013
7 4.294 16.0 26.0 0.4537 0.2703
8 3.969 15.0 24.0 0.4404 0.2493
9 4.625 17.0 28.0 0.4669 0.2879
10 4.753 18.0 29.0 0.4762 0.2961
11 4.105 15.0 25.0 0.4427 0.2561
12 3.821 14.0 23.0 0.4304 0.2392
13 4.47 17.0 28.0 0.4587 0.2792
14 4.797 18.0 29.0 0.4736 0.2952
15 4.09 15.0 25.0 0.441 0.2553
16 3.822 14.0 23.0 0.4294 0.2388
17 4.474 17.0 28.0 0.4572 0.2785
18 4.662 18.0 29.0 0.4679 0.2905

Seam 2527
1 0.444 2.0 3.0 0.0122 0.0001
2 0.247 1.0 2.0 0.0034 0.0001
3 0.228 1.0 2.0 0.0014 0.0003
4 0.246 1.0 2.0 0.0024 0.0001
5 0.28 1.0 2.0 0.0024 0.0
6 0.142 1.0 1.0 0.0009 0.0003
7 0.106 1.0 1.0 0.002 0.0003
8 0.998 2.0 26.0 0.0461 0.0342
9 0.239 1.0 2.0 0.0048 0.0003
10 1.277 2.0 30.0 0.049 0.0382
11 0.161 1.0 2.0 0.0029 0.0002
12 0.824 2.0 20.0 0.0478 0.0334
13 0.171 1.0 2.0 0.0027 0.0
14 3.092 19.0 75.0 0.1004 0.0878
15 0.162 1.0 2.0 0.0036 0.0002
16 2.21 11.0 56.0 0.0802 0.0658
17 0.189 1.0 2.0 0.0073 0.0008
18 2.208 10.0 58.0 0.0776 0.0623

Seam 2888
1 0.772 3.0 6.0 0.0644 0.0119
2 2.713 15.0 28.0 0.2299 0.1401
3 3.97 21.0 40.0 0.2764 0.1799
4 2.864 15.0 29.0 0.2341 0.1474
5 0.691 3.0 6.0 0.0635 0.0111
6 2.651 14.0 27.0 0.2263 0.1396
7 4.269 23.0 43.0 0.2814 0.1881
8 2.997 16.0 30.0 0.2397 0.1527
9 0.82 3.0 6.0 0.0685 0.0112
10 2.903 15.0 30.0 0.2325 0.148
11 4.412 24.0 46.0 0.2796 0.194
12 3.192 17.0 32.0 0.2478 0.16
13 0.666 3.0 5.0 0.0587 0.0091
14 3.137 17.0 34.0 0.2422 0.1572
15 4.896 27.0 49.0 0.2975 0.2058
16 3.534 19.0 35.0 0.2601 0.1731
17 0.762 3.0 6.0 0.0759 0.0135
18 3.46 19.0 37.0 0.2507 0.1656

Seam 3240
1 0.346 1.0 2.0 0.006 0.0
2 0.188 1.0 1.0 0.0009 0.0
3 0.617 1.0 14.0 0.025 0.0181
4 0.197 1.0 1.0 0.0011 0.0
5 0.755 2.0 17.0 0.0267 0.0199
6 0.115 1.0 1.0 0.0039 0.0003
7 0.789 1.0 27.0 0.0294 0.0249
8 0.138 1.0 1.0 0.0005 0.0
9 0.798 1.0 25.0 0.0275 0.0232
10 0.095 1.0 1.0 0.0013 0.0002
11 0.608 1.0 22.0 0.0248 0.0212
12 0.108 1.0 1.0 0.0005 0.0
13 0.913 1.0 32.0 0.0298 0.0264
14 0.094 1.0 1.0 0.0031 0.0003
15 0.883 1.0 29.0 0.0317 0.0271
16 0.08 1.0 1.0 0.0016 0.0
17 1.13 1.0 30.0 0.0338 0.0292
18 0.134 1.0 1.0 0.0044 0.0007
